cam0:
  cam_overlaps: [1]
  camera_model: pinhole
  distortion_coeffs: [-0.39725167188763016, 0.13415299447870482, 0.0006199068231030469, 0.0030734978790430117]
  distortion_model: radtan
  intrinsics: [809.4196331386174, 808.7333902785153, 308.91151592742375, 248.54951355975723]
  resolution: [640, 480]
  rostopic: /cam0/image_raw
cam1:
  T_cn_cnm1:
  - [0.999988814294581, -0.004151498433029307, -0.0022663509166028018, 0.0168786456681995]
  - [0.004112316087161526, 0.9998465569910782, -0.01702795729042293, 0.06332420958854093]
  - [0.002336694698907768, 0.017018446869375304, 0.9998524452758202, 0.023889803853163225]
  - [0.0, 0.0, 0.0, 1.0]
  cam_overlaps: [0]
  camera_model: pinhole
  distortion_coeffs: [0.001430739340811919, 0.0038028904641893503, -0.0011378508039908573, -0.00013832602417594283]
  distortion_model: radtan
  intrinsics: [430.63829390910456, 430.8927941476924, 427.2312495361624, 235.51314057169208]
  resolution: [848, 480]
  rostopic: /cam1/image_raw
